0  -1.141260  0.574731  1
1  -0.325415 -1.042035  1
2  -0.243458 -0.345873  1
3   0.851782 -1.696048  1
4   0.186368 -0.690768  1
5   1.142467  1.358507  1
6  -0.209970 -0.771425  1
7   1.960803  0.152868  1
8   1.882943  2.055514  1
9   2.978652  0.078677  1
10  0.056915 -0.382080  1
11  1.663232 -1.030081  1
12 -0.365032 -1.060032  1
13 -1.148183 -0.931190  1
14  0.971954  0.430231  1
15 -0.866499  0.554681  1
16 -1.699709 -0.065266  1
17  1.101581  2.040062  1
18 -1.814396 -1.925966  1
19  0.863751  0.494165  1
